Iteration	CPUTime	PhysTime	Travels	Value	AvValue	MinValue	MaxValue	Delta	Criteria	Progress	dGMaxMin	CriteriaType	CriteriaVarType	CriteriaPercentage
1	1	0	0.025	293.200003	293.200003	293.200003	293.200003	0	0	0	0	29.95	0	0	3
2	1	0	0.05	293.200006	293.200005	293.200003	293.200006	1.44582691e-06	0	0	0	29.95	0	0	3
3	2	0	0.075	293.200009	293.200006	293.200003	293.200009	2.89205735e-06	0	0	0	29.95	0	0	3
4	2	0	0.1	293.200012	293.200007	293.200003	293.200012	4.34880917e-06	0	0	0	29.95	0	0	3
5	2	0	0.125	293.200015	293.200009	293.200003	293.200015	5.8764594e-06	0	0	0	29.95	0	0	3
6	2	0	0.15	293.200024	293.200011	293.200003	293.200024	8.32947137e-06	0	0	0	29.95	0	0	3
7	2	0	0.175	293.200059	293.200018	293.200003	293.200059	1.51779643e-05	0	0	0	29.95	0	0	3
8	3	0	0.2	293.200281	293.200051	293.200003	293.200281	4.79884382e-05	0	0	0	29.95	0	0	3
9	3	0	0.225	293.201737	293.200238	293.200003	293.201737	0.000235313294	0	0	0	29.95	0	0	3
10	3	0	0.25	293.202554	293.20047	293.200003	293.202554	0.00046683679	0	0	0	29.95	0	0	3
11	3	0	0.275	293.203865	293.200779	293.200003	293.203865	0.00077548392	0	0	0	29.95	0	0	3
12	4	0	0.3	293.204899	293.201122	293.200003	293.204899	0.00111886197	0	0	0	29.9499	0	0	3
13	4	0	0.325	293.20581	293.201483	293.200003	293.20581	0.00147949192	0	0	0	29.9499	0	0	3
14	4	0	0.35	293.20664	293.201851	293.200003	293.20664	0.00184786938	0	0	0	29.9498	0	0	3
15	4	0	0.375	293.20741	293.202222	293.200003	293.20741	0.00221849729	0	0	0	29.9497	0	0	3
16	4	0	0.4	293.208709	293.202627	293.200003	293.208709	0.00262398987	0	0	0	29.9496	0	0	3
17	4	0	0.425	293.209992	293.20306	293.200003	293.209992	0.00305719774	0	0	0	29.9494	0	0	3
18	5	0	0.45	293.211266	293.203516	293.200003	293.211266	0.00351309248	0	0	0	29.949	0	0	3
19	5	0	0.475	293.212523	293.20399	293.200003	293.212523	0.00398715385	0	0	0	29.9485	0	0	3
20	5	0	0.5	293.213787	293.20448	293.200003	293.213787	0.00447700927	0	0	0	29.948	0	0	3
21	5	0	0.525	293.215785	293.205269	293.200006	293.215785	0.005264636	0	0	0	29.9467	0	0	3
22	5	0	0.55	293.217849	293.206161	293.200009	293.217849	0.00615532472	0	0	0	29.9459	0	0	3
23	5	0	0.575	293.220004	293.207161	293.200012	293.220004	0.00715363694	0	0	0	29.9448	0	0	3
24	5	0	0.6	293.222196	293.20827	293.200015	293.222196	0.00826129403	0	0	0	29.9437	0	0	3
25	6	0	0.625	293.224387	293.209489	293.200024	293.224387	0.00947743414	0	0	0	29.9424	0	0	3
26	6	0	0.65	293.227799	293.210878	293.200059	293.227799	0.0108593439	0	0	0	29.9402	0	0	3
27	6	0	0.675	293.231325	293.212441	293.200281	293.231325	0.0123898287	0	0	0	29.9379	0	0	3
28	6	0	0.7	293.234962	293.214175	293.201737	293.234962	0.0139365703	0	0	0	29.9354	0	0	3
29	6	0	0.725	293.238772	293.216027	293.202554	293.238772	0.0155568084	0	0	0	29.9327	0	0	3
30	6	0	0.75	293.242578	293.218028	293.203865	293.242578	0.0172493918	0	0	0	29.9297	0	0	3
31	7	0	0.775	293.248675	293.220268	293.204899	293.248675	0.0191465088	0	0	0	29.9245	0	0	3
32	7	0	0.8	293.254614	293.222754	293.20581	293.254614	0.0212716271	0	0	0	29.9193	0	0	3
33	7	0	0.825	293.260665	293.225497	293.20664	293.260665	0.0236459885	0	0	0	29.9136	0	0	3
34	7	0	0.85	293.266597	293.228495	293.20741	293.266597	0.0262731943	0	0	0	29.908	0	0	3
35	7	0	0.875	293.272622	293.231755	293.208709	293.272622	0.0291282695	0	0	0	29.9021	0	0	3
36	7	0	0.9	293.281427	293.235391	293.209992	293.281427	0.0323309187	0	0	0	29.8936	0	0	3
37	7	0	0.925	293.290493	293.239416	293.211266	293.290493	0.0359001009	0	0	0	29.8846	0	0	3
38	8	0	0.95	293.299118	293.243809	293.212523	293.299118	0.0398186027	0	0	0	29.8756	0	0	3
39	8	0	0.975	293.308077	293.248587	293.213787	293.308077	0.0441064499	0	0	0	29.8663	0	0	3
40	8	0	1	293.316893	293.253742	293.215785	293.316893	0.0484726833	0.0175326895	0	36.1	29.8575	0	0	3
41	8	0	1.025	293.329943	293.25945	293.217849	293.329943	0.0532884844	0.0194901582	0	36.5	29.8424	0	0	3
42	8	0	1.05	293.342983	293.265707	293.220004	293.342983	0.0585454138	0.0204681121	0	34.9	29.83	0	0	3
43	8	0	1.075	293.354939	293.272453	293.222196	293.354939	0.06418298	0.0213917812	0	33.3	29.8163	0	0	3
44	9	0	1.1	293.36707	293.276959	293.222196	293.36707	0.0686885197	0.0223083796	0	32.4	29.8031	0	0	3
45	9	0	1.125	293.379701	293.284459	293.224387	293.379701	0.0749701929	0.023237026	0	30.9	29.7903	0	0	3
46	9	0	1.15	293.391403	293.292412	293.227799	293.391403	0.0815345924	0.0241486776	0	29.6	29.7801	0	0	3
47	9	0	1.175	293.403792	293.300793	293.231325	293.403792	0.0883519059	0.0250645581	0	28.3	29.7666	0	0	3
48	9	0	1.2	293.416675	293.309619	293.234962	293.416675	0.095444028	0.0259888847	0	27.2	29.7538	0	0	3
49	9	0	1.225	293.428236	293.318823	293.238772	293.428236	0.102795768	0.0268762076	0	26.1	29.7405	0	0	3
50	10	0	1.25	293.439698	293.32839	293.242578	293.439698	0.110362428	0.0277457515	0	25.1	29.731	0	0	3
51	10	0	1.275	293.452093	293.338367	293.248675	293.452093	0.118098809	0.0286083321	0	24.2	29.719	0	0	3
52	10	0	1.3	293.46421	293.348631	293.254614	293.46421	0.125876623	0.0294656875	0	23.4	29.7041	0	0	3
53	10	0	1.325	293.475223	293.359136	293.260665	293.475223	0.133639062	0.0303077039	0	22.6	29.6947	0	0	3
54	10	0	1.35	293.487196	293.369923	293.266597	293.487196	0.141428406	0.0311488227	0	22	29.6834	0	0	3
55	11	0	1.375	293.499734	293.381025	293.272622	293.499734	0.14926964	0.0319954745	0	21.4	29.6696	0	0	3
56	11	0	1.4	293.510701	293.392362	293.281427	293.510701	0.156970913	0.0328269324	0	20.9	29.66	0	0	3
57	11	0	1.425	293.522526	293.403843	293.290493	293.522526	0.164426765	0.0336535937	0	20.4	29.6482	0	0	3
58	11	0	1.45	293.535245	293.415498	293.299118	293.535245	0.171689065	0.0344837737	0	20	29.6372	0	0	3
59	11	0	1.475	293.547853	293.427342	293.308077	293.547853	0.178755887	0.0353161751	0	19.7	29.6221	0	0	3
60	11	0	1.5	293.560384	293.439357	293.316893	293.560384	0.185615197	0.0361498437	0	19.4	29.6095	0	0	3
61	12	0	1.525	293.572642	293.451536	293.329943	293.572642	0.192085769	0.0369774053	0	19.2	29.5971	0	0	3
62	12	0	1.55	293.584395	293.463652	293.342983	293.584395	0.197945804	0.0377957914	0	19	29.5867	0	0	3
63	12	0	1.575	293.596495	293.475724	293.354939	293.596495	0.203271091	0.0386078735	0	18.9	29.5717	0	0	3
64	12	0	1.6	293.608339	293.487791	293.36707	293.608339	0.210832187	0.0394126065	0	18.6	29.5604	0	0	3
65	12	0	1.625	293.620019	293.499836	293.379701	293.620019	0.215377136	0.0402098952	0	18.6	29.5502	0	0	3
66	12	0	1.65	293.632608	293.511879	293.391403	293.632608	0.219467167	0.0409987985	0	18.6	29.5384	0	0	3
67	13	0	1.675	293.645141	293.523962	293.403792	293.645141	0.223169307	0.0417793007	0	18.7	29.5253	0	0	3
68	13	0	1.7	293.657027	293.536021	293.416675	293.657027	0.226401962	0.0425482468	0	18.7	29.5131	0	0	3
69	13	0	1.725	293.669101	293.548041	293.428236	293.669101	0.229218718	0.0433069023	0	18.8	29.5015	0	0	3
70	13	0	1.75	293.6811	293.560082	293.439698	293.6811	0.231691999	0.0440559488	0	19	29.4894	0	0	3
71	13	0	1.775	293.69258	293.572124	293.452093	293.69258	0.233757141	0.0447827183	0	19.1	29.476	0	0	3
72	13	0	1.8	293.704545	293.584146	293.46421	293.704545	0.235515134	0.045492311	0	19.3	29.4645	0	0	3
73	14	0	1.825	293.715664	293.59612	293.475223	293.715664	0.236983956	0.0461819327	0	19.4	29.4551	0	0	3
74	14	0	1.85	293.727271	293.608122	293.487196	293.727271	0.238199057	0.0468560264	0	19.6	29.442	0	0	3
75	14	0	1.875	293.739436	293.620134	293.499734	293.739436	0.239108696	0.0475179149	0	19.8	29.4315	0	0	3
76	14	0	1.9	293.752271	293.632159	293.510701	293.752271	0.239797117	0.0481598242	0	20	29.4199	0	0	3
77	14	0	1.925	293.764689	293.644254	293.522526	293.764689	0.240410843	0.0487806238	0	20.2	29.4071	0	0	3
78	14	0	1.95	293.777378	293.65639	293.535245	293.777378	0.240891779	0.0493847926	0	20.5	29.3926	0	0	3
79	15	0	1.975	293.789638	293.668504	293.547853	293.789638	0.241161172	0.0499706704	0	20.7	29.3782	0	0	3
80	15	0	2	293.800457	293.680532	293.560384	293.800457	0.240072992	0.0505347681	0	21	29.37	0	0	3
81	15	0	2.025	293.813055	293.692564	293.572642	293.813055	0.240412536	0.0510696935	0	21.2	29.3555	0	0	3
82	15	0	2.05	293.824873	293.704575	293.584395	293.824873	0.240478542	0.0515747862	0	21.4	29.3431	0	0	3
83	15	0	2.075	293.83602	293.716558	293.596495	293.83602	0.239524661	0.0520535615	0	21.7	29.3342	0	0	3
84	15	0	2.1	293.849425	293.728602	293.608339	293.849425	0.240810781	0.052514919	0	21.8	29.3205	0	0	3
85	16	0	2.125	293.861177	293.740642	293.620019	293.861177	0.240805464	0.0529528388	0	21.9	29.3106	0	0	3
86	16	0	2.15	293.872938	293.752685	293.632608	293.872938	0.240330299	0.0533719133	0	22.2	29.2956	0	0	3
87	16	0	2.175	293.885182	293.764713	293.645141	293.885182	0.240041261	0.0537726937	0	22.4	29.2856	0	0	3
88	16	0	2.2	293.897381	293.776724	293.657027	293.897381	0.240353719	0.054154635	0	22.5	29.2732	0	0	3
89	16	0	2.225	293.908566	293.788702	293.669101	293.908566	0.239465622	0.0545198383	0	22.7	29.2603	0	0	3
90	17	0	2.25	293.920263	293.800662	293.6811	293.920263	0.239162338	0.0548711354	0	22.9	29.2498	0	0	3
91	17	0	2.275	293.932779	293.812647	293.69258	293.932779	0.240198548	0.0552090138	0	22.9	29.2387	0	0	3
92	17	0	2.3	293.944587	293.824647	293.704545	293.944587	0.240041202	0.0555330041	0	23.1	29.2249	0	0	3
93	17	0	2.325	293.957031	293.83667	293.715664	293.957031	0.240550485	0.0558488197	0	23.2	29.2139	0	0	3
94	17	0	2.35	293.96917	293.848742	293.727271	293.96917	0.240619929	0.0561533998	0	23.3	29.2006	0	0	3
95	18	0	2.375	293.981684	293.860857	293.739436	293.981684	0.240723401	0.0564468364	0	23.4	29.1865	0	0	3
96	18	0	2.4	293.993823	293.872971	293.752271	293.993823	0.24081152	0.0567329326	0	23.5	29.1744	0	0	3
97	18	0	2.425	294.005305	293.88502	293.764689	294.005305	0.240615465	0.0570080879	0	23.6	29.1643	0	0	3
98	18	0	2.45	294.018214	293.897093	293.777378	294.018214	0.240702916	0.0572742478	0	23.7	29.1511	0	0	3
99	18	0	2.475	294.030351	293.909139	293.789638	294.030351	0.240635329	0.0575301881	0	23.9	29.1386	0	0	3
100	19	0	2.5	294.041909	293.921152	293.800457	294.041909	0.240619481	0.0577751643	0	24	29.1275	0	0	3
101	19	0	2.525	294.054049	293.933228	293.813055	294.054049	0.240663332	0.0580118167	0	24.1	29.1161	0	0	3
102	19	0	2.55	294.067043	293.945322	293.824873	294.067043	0.240747002	0.0582438394	0	24.1	29.1035	0	0	3
103	19	0	2.575	294.079269	293.957436	293.83602	294.079269	0.24087893	0.0584687952	0	24.2	29.0912	0	0	3
104	19	0	2.6	294.09159	293.969606	293.849425	294.09159	0.241004687	0.0586878417	0	24.3	29.0791	0	0	3
105	20	0	2.625	294.104634	293.981759	293.861177	294.104634	0.24111759	0.0589032932	0	24.4	29.0652	0	0	3
106	20	0	2.65	294.116548	293.99392	293.872938	294.116548	0.24123435	0.0591106819	0	24.5	29.054	0	0	3
107	20	0	2.675	294.129783	294.00615	293.885182	294.129783	0.241437702	0.0593134522	0	24.5	29.0417	0	0	3
108	20	0	2.7	294.141829	294.018372	293.897381	294.141829	0.241647545	0.0595106111	0	24.6	29.028	0	0	3
109	20	0	2.725	294.154176	294.0306	293.908566	294.154176	0.241897823	0.0597026497	0	24.6	29.0149	0	0	3
110	21	0	2.75	294.165317	294.042826	293.920263	294.165317	0.242163959	0.0598873622	0	24.7	29.003	0	0	3
111	21	0	2.775	294.175992	294.055004	293.932779	294.175992	0.242356849	0.0600651702	0	24.7	28.9948	0	0	3
112	21	0	2.8	294.188248	294.067169	293.944587	294.188248	0.242521756	0.0602386459	0	24.8	28.9809	0	0	3
113	21	0	2.825	294.199347	294.079301	293.957031	294.199347	0.242315647	0.0604073279	0	24.9	28.97	0	0	3
114	21	0	2.85	294.211021	294.091395	293.96917	294.211021	0.241851115	0.0605715878	0	25	28.96	0	0	3
115	22	0	2.875	294.223826	294.103522	293.981684	294.223826	0.242142157	0.0607327468	0	25	28.9445	0	0	3
116	22	0	2.9	294.235575	294.115612	293.993823	294.235575	0.241751894	0.060887521	0	25.1	28.9337	0	0	3
117	22	0	2.925	294.247209	294.127678	294.005305	294.247209	0.241904072	0.0610367471	0	25.2	28.9227	0	0	3
118	22	0	2.95	294.259383	294.139777	294.018214	294.259383	0.241168685	0.0611811576	0	25.3	28.9109	0	0	3
119	22	0	2.975	294.270386	294.151785	294.030351	294.270386	0.240034637	0.0613195252	0	25.5	28.9019	0	0	3
120	22	0	3	294.283614	294.163845	294.041909	294.283614	0.241704188	0.0614589491	0	25.4	28.8871	0	0	3
121	23	0	3.025	294.295069	294.1759	294.054049	294.295069	0.241020662	0.0615928161	0	25.5	28.8725	0	0	3
122	23	0	3.05	294.306504	294.187922	294.067043	294.306504	0.239461524	0.0617227167	0	25.7	28.8628	0	0	3
123	23	0	3.075	294.318833	294.199912	294.079269	294.318833	0.239563652	0.0618516226	0	25.8	28.8516	0	0	3
124	23	0	3.1	294.331468	294.211921	294.09159	294.331468	0.2398778	0.0619760855	0	25.8	28.8403	0	0	3
125	24	0	3.125	294.343454	294.223915	294.104634	294.343454	0.238820254	0.0620980329	0	26	28.826	0	0	3
126	24	0	3.15	294.354854	294.23583	294.116548	294.354854	0.238305919	0.0622165127	0	26.1	28.8155	0	0	3
127	24	0	3.175	294.366716	294.247743	294.129783	294.366716	0.236932765	0.0623316104	0	26.3	28.8032	0	0	3
128	24	0	3.2	294.379082	294.259614	294.141829	294.379082	0.237253192	0.0624443782	0	26.3	28.7895	0	0	3
129	24	0	3.225	294.391665	294.271511	294.154176	294.391665	0.237488791	0.0625569667	0	26.3	28.7765	0	0	3
130	24	0	3.25	294.402553	294.283339	294.165317	294.402553	0.23723635	0.0626657073	0	26.4	28.7668	0	0	3
131	25	0	3.275	294.414366	294.295198	294.175992	294.414366	0.238373669	0.0627708974	0	26.3	28.7563	0	0	3
132	25	0	3.3	294.42678	294.307141	294.188248	294.42678	0.238531704	0.0628747898	0	26.3	28.7419	0	0	3
133	25	0	3.325	294.438828	294.319073	294.199347	294.438828	0.239480965	0.0629758081	0	26.2	28.7309	0	0	3
134	25	0	3.35	294.449423	294.330981	294.211021	294.449423	0.238401803	0.0630722137	0	26.4	28.7195	0	0	3
135	25	0	3.375	294.46187	294.342926	294.223826	294.46187	0.238044198	0.0631664846	0	26.5	28.706	0	0	3
136	25	0	3.4	294.473365	294.354809	294.235575	294.473365	0.237790482	0.0632577854	0	26.6	28.6962	0	0	3
137	26	0	3.425	294.485874	294.366728	294.247209	294.485874	0.238665595	0.0633487922	0	26.5	28.6838	0	0	3
138	26	0	3.45	294.4986	294.378699	294.259383	294.4986	0.238922548	0.0634376597	0	26.5	28.6703	0	0	3
139	26	0	3.475	294.509974	294.390632	294.270386	294.509974	0.238847286	0.0635235765	0	26.5	28.6598	0	0	3
140	26	0	3.5	294.521951	294.402612	294.283614	294.521951	0.238336926	0.0636084024	0	26.6	28.6477	0	0	3
141	26	0	3.525	294.534141	294.414541	294.295069	294.534141	0.238641103	0.0636916252	0	26.6	28.6351	0	0	3
142	27	0	3.55	294.545677	294.426475	294.306504	294.545677	0.238553117	0.0637710718	0	26.7	28.6244	0	0	3
143	27	0	3.575	294.556957	294.438401	294.318833	294.556957	0.238123712	0.0638475964	0	26.8	28.6121	0	0	3
144	27	0	3.6	294.568264	294.450279	294.331468	294.568264	0.236796093	0.0639211876	0	26.9	28.5996	0	0	3
145	27	0	3.625	294.579749	294.462102	294.343454	294.579749	0.236295276	0.0639911508	0	27	28.5883	0	0	3
146	27	0	3.65	294.590677	294.473875	294.354854	294.590677	0.235823797	0.064058399	0	27.1	28.5783	0	0	3
147	28	0	3.675	294.602176	294.485652	294.366716	294.602176	0.235460008	0.0641219552	0	27.2	28.5656	0	0	3
148	28	0	3.7	294.613987	294.497427	294.379082	294.613987	0.234904819	0.0641840085	0	27.3	28.5559	0	0	3
149	28	0	3.725	294.624889	294.509132	294.391665	294.624889	0.233223983	0.0642429342	0	27.5	28.5433	0	0	3
150	28	0	3.75	294.635948	294.520764	294.402553	294.635948	0.233395014	0.0643006776	0	27.5	28.533	0	0	3
151	28	0	3.775	294.647837	294.532444	294.414366	294.647837	0.23347143	0.0643590207	0	27.5	28.5205	0	0	3
152	28	0	3.8	294.658908	294.544089	294.42678	294.658908	0.232128234	0.0644147347	0	27.7	28.5095	0	0	3
153	29	0	3.825	294.66981	294.555662	294.438828	294.66981	0.230982609	0.064469202	0	27.9	28.4989	0	0	3
154	29	0	3.85	294.681555	294.567221	294.449423	294.681555	0.232132055	0.0645228062	0	27.7	28.4875	0	0	3
155	29	0	3.875	294.692492	294.578795	294.46187	294.692492	0.230621582	0.0645730415	0	27.9	28.477	0	0	3
156	29	0	3.9	294.704328	294.590341	294.473365	294.704328	0.230962465	0.0646225234	0	27.9	28.4646	0	0	3
157	29	0	3.925	294.716612	294.601924	294.485874	294.716612	0.230737483	0.064671993	0	28	28.4533	0	0	3
158	29	0	3.95	294.728434	294.613475	294.4986	294.728434	0.229834637	0.0647201769	0	28.1	28.4409	0	0	3
159	30	0	3.975	294.740029	294.624971	294.509974	294.740029	0.230055606	0.0647682978	0	28.1	28.4292	0	0	3
160	30	0	4	294.752446	294.636518	294.521951	294.752446	0.2304959	0.064814603	0	28.1	28.4185	0	0	3
