Iteration	CPUTime	PhysTime	Travels	Value	AvValue	MinValue	MaxValue	Delta	Criteria	Progress	dGMaxMin	CriteriaType	CriteriaVarType	CriteriaPercentage
1	1	0	0.025	293.200003	293.200003	293.200003	293.200003	0	0	0	0	29.95	0	0	3
2	1	0	0.05	293.200006	293.200005	293.200003	293.200006	1.44578121e-06	0	0	0	29.95	0	0	3
3	2	0	0.075	293.200009	293.200006	293.200003	293.200009	2.89194332e-06	0	0	0	29.95	0	0	3
4	2	0	0.1	293.200012	293.200007	293.200003	293.200012	4.3486034e-06	0	0	0	29.95	0	0	3
5	2	0	0.125	293.200015	293.200009	293.200003	293.200015	5.8761313e-06	0	0	0	29.95	0	0	3
6	2	0	0.15	293.200024	293.200011	293.200003	293.200024	8.32884706e-06	0	0	0	29.95	0	0	3
7	2	0	0.175	293.200059	293.200018	293.200003	293.200059	1.51755218e-05	0	0	0	29.95	0	0	3
8	3	0	0.2	293.200281	293.200051	293.200003	293.200281	4.79582767e-05	0	0	0	29.95	0	0	3
9	3	0	0.225	293.201736	293.200238	293.200003	293.201736	0.000235206476	0	0	0	29.95	0	0	3
10	3	0	0.25	293.202553	293.20047	293.200003	293.202553	0.000466646851	0	0	0	29.95	0	0	3
11	3	0	0.275	293.203864	293.200778	293.200003	293.203864	0.000775194065	0	0	0	29.95	0	0	3
12	4	0	0.3	293.204898	293.201122	293.200003	293.204898	0.00111846773	0	0	0	29.9499	0	0	3
13	4	0	0.325	293.205808	293.201482	293.200003	293.205808	0.00147899606	0	0	0	29.9499	0	0	3
14	4	0	0.35	293.206638	293.20185	293.200003	293.206638	0.00184727843	0	0	0	29.9498	0	0	3
15	4	0	0.375	293.207409	293.202221	293.200003	293.207409	0.00221781884	0	0	0	29.9497	0	0	3
16	4	0	0.4	293.208708	293.202626	293.200003	293.208708	0.00262323269	0	0	0	29.9496	0	0	3
17	4	0	0.425	293.20999	293.203059	293.200003	293.20999	0.00305636961	0	0	0	29.9494	0	0	3
18	5	0	0.45	293.211264	293.203515	293.200003	293.211264	0.00351220047	0	0	0	29.949	0	0	3
19	5	0	0.475	293.212521	293.203989	293.200003	293.212521	0.00398620382	0	0	0	29.9485	0	0	3
20	5	0	0.5	293.213785	293.204479	293.200003	293.213785	0.00447600551	0	0	0	29.948	0	0	3
21	5	0	0.525	293.215782	293.205268	293.200006	293.215782	0.00526352435	0	0	0	29.9467	0	0	3
22	5	0	0.55	293.217846	293.20616	293.200009	293.217846	0.00615409975	0	0	0	29.9459	0	0	3
23	5	0	0.575	293.220002	293.20716	293.200012	293.220002	0.00715229424	0	0	0	29.9448	0	0	3
24	5	0	0.6	293.222193	293.208269	293.200015	293.222193	0.00825982957	0	0	0	29.9437	0	0	3
25	6	0	0.625	293.224384	293.209487	293.200024	293.224384	0.00947584409	0	0	0	29.9424	0	0	3
26	6	0	0.65	293.227796	293.210876	293.200059	293.227796	0.0108576237	0	0	0	29.9402	0	0	3
27	6	0	0.675	293.231323	293.212439	293.200281	293.231323	0.0123879995	0	0	0	29.9379	0	0	3
28	6	0	0.7	293.234959	293.214173	293.201736	293.234959	0.0139346874	0	0	0	29.9354	0	0	3
29	6	0	0.725	293.238769	293.216025	293.202553	293.238769	0.0155548995	0	0	0	29.9327	0	0	3
30	6	0	0.75	293.242575	293.218026	293.203864	293.242575	0.0172474824	0	0	0	29.9297	0	0	3
31	7	0	0.775	293.248672	293.220266	293.204898	293.248672	0.0191446184	0	0	0	29.9245	0	0	3
32	7	0	0.8	293.254611	293.222752	293.205808	293.254611	0.0212697663	0	0	0	29.9193	0	0	3
33	7	0	0.825	293.260662	293.225495	293.206638	293.260662	0.0236441585	0	0	0	29.9136	0	0	3
34	7	0	0.85	293.266594	293.228492	293.207409	293.266594	0.0262713939	0	0	0	29.908	0	0	3
35	7	0	0.875	293.272619	293.231753	293.208708	293.272619	0.0291264928	0	0	0	29.9021	0	0	3
36	7	0	0.9	293.281424	293.235389	293.20999	293.281424	0.0323291609	0	0	0	29.8936	0	0	3
37	7	0	0.925	293.29049	293.239414	293.211264	293.29049	0.035898356	0	0	0	29.8846	0	0	3
38	8	0	0.95	293.299115	293.243806	293.212521	293.299115	0.0398168682	0	0	0	29.8756	0	0	3
39	8	0	0.975	293.308074	293.248584	293.213785	293.308074	0.0441047213	0	0	0	29.8663	0	0	3
40	8	0	1	293.316891	293.253739	293.215782	293.316891	0.0484710167	0.0175322478	0	36.1	29.8575	0	0	3
41	8	0	1.025	293.32994	293.259447	293.217846	293.32994	0.0532868921	0.0194897172	0	36.5	29.8424	0	0	3
42	8	0	1.05	293.34298	293.265704	293.220002	293.34298	0.0585439166	0.0204676875	0	34.9	29.83	0	0	3
43	8	0	1.075	293.354937	293.27245	293.222193	293.354937	0.0641815851	0.0213913608	0	33.3	29.8163	0	0	3
44	9	0	1.1	293.367067	293.276956	293.222193	293.367067	0.0686871287	0.0223079601	0	32.4	29.8031	0	0	3
45	9	0	1.125	293.379699	293.284456	293.224384	293.379699	0.0749689195	0.0232366121	0	30.9	29.7903	0	0	3
46	9	0	1.15	293.391401	293.292409	293.227796	293.391401	0.0815334444	0.0241482663	0	29.6	29.7801	0	0	3
47	9	0	1.175	293.403789	293.30079	293.231323	293.403789	0.0883508895	0.0250641469	0	28.3	29.7666	0	0	3
48	9	0	1.2	293.416673	293.309616	293.234959	293.416673	0.0954431456	0.0259884791	0	27.2	29.7538	0	0	3
49	9	0	1.225	293.428233	293.31882	293.238769	293.428233	0.102795004	0.0268758153	0	26.1	29.7405	0	0	3
50	10	0	1.25	293.439695	293.328388	293.242575	293.439695	0.110361772	0.0277453711	0	25.1	29.731	0	0	3
51	10	0	1.275	293.45209	293.338364	293.248672	293.45209	0.118098243	0.0286079651	0	24.2	29.719	0	0	3
52	10	0	1.3	293.464207	293.348628	293.254611	293.464207	0.125876149	0.029465338	0	23.4	29.7041	0	0	3
53	10	0	1.325	293.47522	293.359133	293.260662	293.47522	0.133638667	0.0303073703	0	22.6	29.6947	0	0	3
54	10	0	1.35	293.487193	293.36992	293.266594	293.487193	0.141428076	0.0311485021	0	22	29.6834	0	0	3
55	11	0	1.375	293.499732	293.381022	293.272619	293.499732	0.149269383	0.0319951682	0	21.4	29.6696	0	0	3
56	11	0	1.4	293.510699	293.392359	293.281424	293.510699	0.156970718	0.0328266371	0	20.9	29.66	0	0	3
57	11	0	1.425	293.522523	293.40384	293.29049	293.522523	0.164426629	0.0336533084	0	20.4	29.6482	0	0	3
58	11	0	1.45	293.535242	293.415495	293.299115	293.535242	0.171688985	0.0344834972	0	20	29.6372	0	0	3
59	11	0	1.475	293.54785	293.42734	293.308074	293.54785	0.17875586	0.0353159066	0	19.7	29.6221	0	0	3
60	11	0	1.5	293.560382	293.439354	293.316891	293.560382	0.185615227	0.0361495834	0	19.4	29.6095	0	0	3
61	12	0	1.525	293.572639	293.451533	293.32994	293.572639	0.192085844	0.0369771528	0	19.2	29.5971	0	0	3
62	12	0	1.55	293.584392	293.46365	293.34298	293.584392	0.197945912	0.0377955472	0	19	29.5867	0	0	3
63	12	0	1.575	293.596493	293.475722	293.354937	293.596493	0.203271216	0.0386076372	0	18.9	29.5717	0	0	3
64	12	0	1.6	293.608336	293.487788	293.367067	293.608336	0.210832313	0.0394123788	0	18.6	29.5604	0	0	3
65	12	0	1.625	293.620016	293.499833	293.379699	293.620016	0.21537727	0.040209675	0	18.6	29.5502	0	0	3
66	12	0	1.65	293.632605	293.511877	293.391401	293.632605	0.2194673	0.0409985861	0	18.6	29.5384	0	0	3
67	13	0	1.675	293.645138	293.523959	293.403789	293.645138	0.22316944	0.041779096	0	18.7	29.5253	0	0	3
68	13	0	1.7	293.657025	293.536018	293.416673	293.657025	0.226402091	0.0425480497	0	18.7	29.5131	0	0	3
69	13	0	1.725	293.669098	293.548039	293.428233	293.669098	0.229218837	0.0433067133	0	18.8	29.5015	0	0	3
70	13	0	1.75	293.681098	293.56008	293.439695	293.681098	0.23169211	0.0440557675	0	19	29.4894	0	0	3
71	13	0	1.775	293.692578	293.572122	293.45209	293.692578	0.233757249	0.0447825443	0	19.1	29.476	0	0	3
72	13	0	1.8	293.704543	293.584143	293.464207	293.704543	0.235515233	0.0454921441	0	19.3	29.4645	0	0	3
73	14	0	1.825	293.715661	293.596117	293.47522	293.715661	0.236984037	0.0461817724	0	19.4	29.4551	0	0	3
74	14	0	1.85	293.727268	293.60812	293.487193	293.727268	0.238199127	0.0468558719	0	19.6	29.442	0	0	3
75	14	0	1.875	293.739433	293.620131	293.499732	293.739433	0.239108749	0.0475177656	0	19.8	29.4315	0	0	3
76	14	0	1.9	293.752268	293.632157	293.510699	293.752268	0.239797152	0.0481596799	0	20	29.4199	0	0	3
77	14	0	1.925	293.764686	293.644251	293.522523	293.764686	0.240410872	0.0487804843	0	20.2	29.4071	0	0	3
78	14	0	1.95	293.777375	293.656387	293.535242	293.777375	0.240891806	0.0493846577	0	20.5	29.3926	0	0	3
79	15	0	1.975	293.789635	293.668501	293.54785	293.789635	0.241161209	0.0499705407	0	20.7	29.3782	0	0	3
80	15	0	2	293.800455	293.68053	293.560382	293.800455	0.240073051	0.0505346427	0	21	29.37	0	0	3
81	15	0	2.025	293.813052	293.692562	293.572639	293.813052	0.240412761	0.0510695724	0	21.2	29.3555	0	0	3
82	15	0	2.05	293.824871	293.704573	293.584392	293.824871	0.240478815	0.0515746689	0	21.4	29.3431	0	0	3
83	15	0	2.075	293.836017	293.716555	293.596493	293.836017	0.239524612	0.0520534467	0	21.7	29.3342	0	0	3
84	15	0	2.1	293.849422	293.728599	293.608336	293.849422	0.240810823	0.0525148076	0	21.8	29.3205	0	0	3
85	16	0	2.125	293.861174	293.740639	293.620016	293.861174	0.240805508	0.0529527299	0	21.9	29.3106	0	0	3
86	16	0	2.15	293.872936	293.752683	293.632605	293.872936	0.240330472	0.0533718069	0	22.2	29.2956	0	0	3
87	16	0	2.175	293.88518	293.76471	293.645138	293.88518	0.240041366	0.0537725898	0	22.4	29.2856	0	0	3
88	16	0	2.2	293.897378	293.776722	293.657025	293.897378	0.24035383	0.0541545334	0	22.5	29.2732	0	0	3
89	16	0	2.225	293.908564	293.7887	293.669098	293.908564	0.239465761	0.054519739	0	22.7	29.2603	0	0	3
90	17	0	2.25	293.92026	293.80066	293.681098	293.92026	0.239162252	0.0548710381	0	22.9	29.2498	0	0	3
91	17	0	2.275	293.932776	293.812644	293.692578	293.932776	0.24019861	0.055208919	0	22.9	29.2387	0	0	3
92	17	0	2.3	293.944584	293.824645	293.704543	293.944584	0.240041162	0.0555329109	0	23.1	29.2249	0	0	3
93	17	0	2.325	293.957028	293.836668	293.715661	293.957028	0.240550564	0.0558487284	0	23.2	29.2139	0	0	3
94	17	0	2.35	293.969167	293.84874	293.727268	293.969167	0.24062001	0.0561533106	0	23.3	29.2006	0	0	3
95	18	0	2.375	293.981681	293.860854	293.739433	293.981681	0.240723491	0.0564467491	0	23.4	29.1865	0	0	3
96	18	0	2.4	293.99382	293.872968	293.752268	293.99382	0.240811632	0.0567328476	0	23.5	29.1744	0	0	3
97	18	0	2.425	294.005302	293.885017	293.764686	294.005302	0.240615488	0.0570080046	0	23.6	29.1643	0	0	3
98	18	0	2.45	294.018212	293.89709	293.777375	294.018212	0.240703031	0.0572741665	0	23.7	29.1511	0	0	3
99	18	0	2.475	294.030348	293.909136	293.789635	294.030348	0.240635434	0.0575301088	0	23.9	29.1386	0	0	3
100	19	0	2.5	294.041907	293.921149	293.800455	294.041907	0.240619572	0.0577750865	0	24	29.1275	0	0	3
101	19	0	2.525	294.054046	293.933225	293.813052	294.054046	0.240663416	0.0580117405	0	24.1	29.1161	0	0	3
102	19	0	2.55	294.06704	293.94532	293.824871	294.06704	0.240747063	0.0582437644	0	24.1	29.1035	0	0	3
103	19	0	2.575	294.079267	293.957434	293.836017	294.079267	0.240878987	0.0584687217	0	24.2	29.0912	0	0	3
104	19	0	2.6	294.091588	293.969604	293.849422	294.091588	0.241004735	0.058687769	0	24.3	29.0791	0	0	3
105	20	0	2.625	294.104631	293.981757	293.861174	294.104631	0.241117634	0.058903222	0	24.4	29.0652	0	0	3
106	20	0	2.65	294.116545	293.993917	293.872936	294.116545	0.241234376	0.0591106118	0	24.5	29.054	0	0	3
107	20	0	2.675	294.12978	294.006148	293.88518	294.12978	0.241437719	0.0593133833	0	24.5	29.0417	0	0	3
108	20	0	2.7	294.141826	294.018369	293.897378	294.141826	0.241647552	0.0595105432	0	24.6	29.028	0	0	3
109	20	0	2.725	294.154173	294.030597	293.908564	294.154173	0.241897817	0.0597025827	0	24.6	29.0149	0	0	3
110	21	0	2.75	294.165314	294.042824	293.92026	294.165314	0.242163953	0.0598872962	0	24.7	29.003	0	0	3
111	21	0	2.775	294.175989	294.055001	293.932776	294.175989	0.24235684	0.0600651051	0	24.7	28.9948	0	0	3
112	21	0	2.8	294.188246	294.067166	293.944584	294.188246	0.242521751	0.0602385819	0	24.8	28.9809	0	0	3
113	21	0	2.825	294.199344	294.079298	293.957028	294.199344	0.242315694	0.060407265	0	24.9	28.97	0	0	3
114	21	0	2.85	294.211018	294.091393	293.969167	294.211018	0.241851037	0.0605715257	0	25	28.96	0	0	3
115	22	0	2.875	294.223823	294.103519	293.981681	294.223823	0.242142047	0.0607326858	0	25	28.9445	0	0	3
116	22	0	2.9	294.235572	294.115609	293.99382	294.235572	0.241751794	0.0608874612	0	25.1	28.9337	0	0	3
117	22	0	2.925	294.247206	294.127675	294.005302	294.247206	0.241904173	0.0610366883	0	25.2	28.9227	0	0	3
118	22	0	2.95	294.25938	294.139774	294.018212	294.25938	0.241168631	0.0611810996	0	25.3	28.9109	0	0	3
119	22	0	2.975	294.270383	294.151782	294.030348	294.270383	0.240034366	0.0613194672	0	25.5	28.9019	0	0	3
120	22	0	3	294.283611	294.163842	294.041907	294.283611	0.241704227	0.061458892	0	25.4	28.8871	0	0	3
121	23	0	3.025	294.295067	294.175898	294.054046	294.295067	0.241020742	0.0615927597	0	25.5	28.8725	0	0	3
122	23	0	3.05	294.306502	294.187919	294.06704	294.306502	0.239461622	0.0617226607	0	25.7	28.8628	0	0	3
123	23	0	3.075	294.31883	294.199909	294.079267	294.31883	0.239563498	0.0618515673	0	25.8	28.8516	0	0	3
124	23	0	3.1	294.331466	294.211919	294.091588	294.331466	0.23987804	0.0619760308	0	25.8	28.8403	0	0	3
125	24	0	3.125	294.343451	294.223912	294.104631	294.343451	0.238820208	0.0620979789	0	26	28.826	0	0	3
126	24	0	3.15	294.354851	294.235828	294.116545	294.354851	0.238306143	0.0622164593	0	26.1	28.8155	0	0	3
127	24	0	3.175	294.366713	294.24774	294.12978	294.366713	0.236932777	0.0623315577	0	26.3	28.8032	0	0	3
128	24	0	3.2	294.37908	294.259612	294.141826	294.37908	0.237253357	0.0624443261	0	26.3	28.7895	0	0	3
129	24	0	3.225	294.391662	294.271509	294.154173	294.391662	0.237489119	0.0625569154	0	26.3	28.7765	0	0	3
130	24	0	3.25	294.402551	294.283336	294.165314	294.402551	0.23723649	0.0626656571	0	26.4	28.7668	0	0	3
131	25	0	3.275	294.414363	294.295196	294.175989	294.414363	0.238373915	0.0627708479	0	26.3	28.7563	0	0	3
132	25	0	3.3	294.426777	294.307138	294.188246	294.426777	0.23853158	0.0628747409	0	26.3	28.7419	0	0	3
133	25	0	3.325	294.438825	294.31907	294.199344	294.438825	0.239481161	0.0629757601	0	26.2	28.7309	0	0	3
134	25	0	3.35	294.44942	294.330979	294.211018	294.44942	0.238401983	0.0630721664	0	26.4	28.7195	0	0	3
135	25	0	3.375	294.461868	294.342924	294.223823	294.461868	0.238044357	0.0631664379	0	26.5	28.706	0	0	3
136	25	0	3.4	294.473363	294.354807	294.235572	294.473363	0.237790515	0.063257739	0	26.6	28.6962	0	0	3
137	26	0	3.425	294.485872	294.366726	294.247206	294.485872	0.23866571	0.0633487467	0	26.5	28.6838	0	0	3
138	26	0	3.45	294.498597	294.378697	294.25938	294.498597	0.238922636	0.0634376149	0	26.5	28.6703	0	0	3
139	26	0	3.475	294.509971	294.39063	294.270383	294.509971	0.238847391	0.0635235322	0	26.5	28.6598	0	0	3
140	26	0	3.5	294.521948	294.402609	294.283611	294.521948	0.238337038	0.0636083588	0	26.6	28.6477	0	0	3
141	26	0	3.525	294.534139	294.414539	294.295067	294.534139	0.238641229	0.0636915823	0	26.6	28.6351	0	0	3
142	27	0	3.55	294.545675	294.426473	294.306502	294.545675	0.238553243	0.0637710295	0	26.7	28.6244	0	0	3
143	27	0	3.575	294.556954	294.438399	294.31883	294.556954	0.238124029	0.0638475548	0	26.8	28.6121	0	0	3
144	27	0	3.6	294.568262	294.450277	294.331466	294.568262	0.2367962	0.0639211469	0	26.9	28.5996	0	0	3
145	27	0	3.625	294.579747	294.462099	294.343451	294.579747	0.236295463	0.0639911108	0	27	28.5883	0	0	3
146	27	0	3.65	294.590675	294.473872	294.354851	294.590675	0.235823911	0.0640583598	0	27.1	28.5783	0	0	3
147	28	0	3.675	294.602173	294.485649	294.366713	294.602173	0.235460117	0.0641219166	0	27.2	28.5656	0	0	3
148	28	0	3.7	294.613985	294.497424	294.37908	294.613985	0.234905063	0.0641839707	0	27.3	28.5559	0	0	3
149	28	0	3.725	294.624886	294.509129	294.391662	294.624886	0.233223848	0.0642428971	0	27.5	28.5433	0	0	3
150	28	0	3.75	294.635946	294.520762	294.402551	294.635946	0.233394958	0.0643006409	0	27.5	28.533	0	0	3
151	28	0	3.775	294.647834	294.532442	294.414363	294.647834	0.233471367	0.0643589846	0	27.5	28.5205	0	0	3
152	28	0	3.8	294.658906	294.544087	294.426777	294.658906	0.232128446	0.064414699	0	27.7	28.5095	0	0	3
153	29	0	3.825	294.669808	294.55566	294.438825	294.669808	0.230982407	0.0644691666	0	27.9	28.4989	0	0	3
154	29	0	3.85	294.681552	294.567218	294.44942	294.681552	0.232132198	0.0645227715	0	27.7	28.4875	0	0	3
155	29	0	3.875	294.692489	294.578793	294.461868	294.692489	0.230621596	0.0645730074	0	27.9	28.477	0	0	3
156	29	0	3.9	294.704325	294.590338	294.473363	294.704325	0.230962518	0.0646224897	0	27.9	28.4646	0	0	3
157	29	0	3.925	294.716609	294.601922	294.485872	294.716609	0.230737462	0.0646719596	0	28	28.4533	0	0	3
158	29	0	3.95	294.728432	294.613472	294.498597	294.728432	0.229834514	0.064720144	0	28.1	28.4409	0	0	3
159	30	0	3.975	294.740027	294.624969	294.509971	294.740027	0.230055603	0.0647682656	0	28.1	28.4292	0	0	3
160	30	0	4	294.752444	294.636515	294.521948	294.752444	0.230495933	0.0648145713	0	28.1	28.4185	0	0	3
