Iteration	CPUTime	PhysTime	Travels	Value	AvValue	MinValue	MaxValue	Delta	Criteria	Progress	dGMaxMin	CriteriaType	CriteriaVarType	CriteriaPercentage
1	1	0	0.025	293.204392	293.204392	293.204392	293.204392	0	0	0	0	29.95	0	0	3
2	1	0	0.05	293.204393	293.204393	293.204392	293.204393	1.22789743e-08	0	0	0	29.95	0	0	3
3	2	0	0.075	293.204393	293.204393	293.204392	293.204393	3.43425199e-08	0	0	0	29.95	0	0	3
4	2	0	0.1	293.204393	293.204393	293.204392	293.204393	7.14729822e-08	0	0	0	29.95	0	0	3
5	2	0	0.125	293.204393	293.204393	293.204392	293.204393	1.31294541e-07	0	0	0	29.95	0	0	3
6	2	0	0.15	293.204393	293.204393	293.204392	293.204393	2.36906885e-07	0	0	0	29.95	0	0	3
7	2	0	0.175	293.204394	293.204393	293.204392	293.204394	4.8736598e-07	0	0	0	29.95	0	0	3
8	3	0	0.2	293.204404	293.204394	293.204392	293.204404	1.86585953e-06	0	0	0	29.95	0	0	3
9	3	0	0.225	293.204461	293.204402	293.204392	293.204461	9.26885565e-06	0	0	0	29.95	0	0	3
10	3	0	0.25	293.204573	293.204419	293.204392	293.204573	2.64026702e-05	0	0	0	29.95	0	0	3
11	3	0	0.275	293.20751	293.2047	293.204392	293.20751	0.000307407458	0	0	0	29.9478	0	0	3
12	4	0	0.3	293.208865	293.205047	293.204392	293.208865	0.000654486901	0	0	0	29.9467	0	0	3
13	4	0	0.325	293.210275	293.205449	293.204392	293.210275	0.00105664197	0	0	0	29.9455	0	0	3
14	4	0	0.35	293.211775	293.205901	293.204392	293.211775	0.00150849274	0	0	0	29.9443	0	0	3
15	4	0	0.375	293.213389	293.2064	293.204392	293.213389	0.00200769632	0	0	0	29.943	0	0	3
16	4	0	0.4	293.21723	293.207077	293.204392	293.21723	0.00268458052	0	0	0	29.9398	0	0	3
17	4	0	0.425	293.219333	293.207798	293.204392	293.219333	0.00340553321	0	0	0	29.9379	0	0	3
18	5	0	0.45	293.221507	293.20856	293.204392	293.221507	0.00416712223	0	0	0	29.936	0	0	3
19	5	0	0.475	293.223647	293.209354	293.204392	293.223647	0.00496117849	0	0	0	29.9341	0	0	3
20	5	0	0.5	293.225889	293.21018	293.204392	293.225889	0.00578794034	0	0	0	29.9321	0	0	3
21	5	0	0.525	293.228224	293.211372	293.204393	293.228224	0.00697951521	0	0	0	29.9298	0	0	3
22	5	0	0.55	293.230726	293.212689	293.204393	293.230726	0.00829617193	0	0	0	29.9275	0	0	3
23	5	0	0.575	293.233141	293.214126	293.204393	293.233141	0.0097335759	0	0	0	29.9252	0	0	3
24	5	0	0.6	293.235501	293.215682	293.204393	293.235501	0.0112889433	0	0	0	29.9229	0	0	3
25	6	0	0.625	293.237887	293.217356	293.204393	293.237887	0.0129635694	0	0	0	29.9206	0	0	3
26	6	0	0.65	293.241174	293.219195	293.204394	293.241174	0.014802335	0	0	0	29.9172	0	0	3
27	6	0	0.675	293.244843	293.221218	293.204404	293.244843	0.0168233982	0	0	0	29.9135	0	0	3
28	6	0	0.7	293.248766	293.223436	293.204461	293.248766	0.0190340744	0	0	0	29.9096	0	0	3
29	6	0	0.725	293.252707	293.225848	293.204573	293.252707	0.0214292317	0	0	0	29.9057	0	0	3
30	6	0	0.75	293.25686	293.228462	293.20751	293.25686	0.0237625633	0	0	0	29.9015	0	0	3
31	7	0	0.775	293.263134	293.231244	293.208865	293.263134	0.0261966775	0	0	0	29.8953	0	0	3
32	7	0	0.8	293.269306	293.234266	293.210275	293.269306	0.028816599	0	0	0	29.8892	0	0	3
33	7	0	0.825	293.27507	293.237505	293.211775	293.27507	0.0316044882	0	0	0	29.8834	0	0	3
34	7	0	0.85	293.281047	293.240969	293.213389	293.281047	0.0345688726	0	0	0	29.8775	0	0	3
35	7	0	0.875	293.286703	293.244635	293.21723	293.286703	0.037557703	0	0	0	29.8718	0	0	3
36	7	0	0.9	293.295706	293.248559	293.219333	293.295706	0.0407605119	0	0	0	29.8629	0	0	3
37	7	0	0.925	293.304171	293.2528	293.221507	293.304171	0.044240802	0	0	0	29.8544	0	0	3
38	8	0	0.95	293.313544	293.257402	293.223647	293.313544	0.0480486107	0	0	0	29.8452	0	0	3
39	8	0	0.975	293.321931	293.262316	293.225889	293.321931	0.0521360555	0	0	0	29.8367	0	0	3
40	8	0	1	293.330652	293.267555	293.228224	293.330652	0.0561826318	0.0189389409	0	0	29.8279	0	0	3
41	8	0	1.025	293.343184	293.273303	293.230726	293.343184	0.0606139342	0.0208186933	0	0	29.8154	0	0	3
42	8	0	1.05	293.356564	293.279595	293.233141	293.356564	0.0654684098	0.0218222358	0	0	29.8021	0	0	3
43	8	0	1.075	293.369184	293.286397	293.235501	293.369184	0.0707151362	0.0227877467	0	0	29.7895	0	0	3
44	9	0	1.1	293.378594	293.290787	293.235501	293.378594	0.0751054942	0.0236233609	0	0	29.7798	0	0	3
45	9	0	1.125	293.390785	293.298182	293.237887	293.390785	0.0808252147	0.0244904325	0	0	29.7676	0	0	3
46	9	0	1.15	293.405811	293.306178	293.241174	293.405811	0.0869825683	0.0254441439	0	0	29.7529	0	0	3
47	9	0	1.175	293.415891	293.314498	293.244843	293.415891	0.0932799943	0.0263413301	0	0	29.7425	0	0	3
48	9	0	1.2	293.428958	293.323265	293.248766	293.428958	0.0998292595	0.0272590427	0	0	29.7296	0	0	3
49	9	0	1.225	293.442752	293.332503	293.252707	293.442752	0.106654426	0.0282017806	0	0	29.7161	0	0	3
50	10	0	1.25	293.451883	293.341987	293.25686	293.451883	0.113524663	0.0290912486	0	0	29.7065	0	0	3
51	10	0	1.275	293.464064	293.351854	293.263134	293.464064	0.120610335	0.0299450541	0	0	29.6943	0	0	3
52	10	0	1.3	293.47808	293.36209	293.269306	293.47808	0.127823782	0.0308148199	0	0	29.6805	0	0	3
53	10	0	1.325	293.488441	293.372525	293.27507	293.488441	0.135019038	0.0316540603	0	0	29.67	0	0	3
54	10	0	1.35	293.501002	293.383283	293.281047	293.501002	0.14231414	0.0324919195	0	0	29.6576	0	0	3
55	11	0	1.375	293.511503	293.394257	293.286703	293.511503	0.149622542	0.0333069335	0	0	29.647	0	0	3
56	11	0	1.4	293.525036	293.405606	293.295706	293.525036	0.15704796	0.0341109292	0	0	29.6336	0	0	3
57	11	0	1.425	293.535389	293.41702	293.304171	293.535389	0.164219583	0.034893132	0	0	29.6231	0	0	3
58	11	0	1.45	293.549633	293.428709	293.313544	293.549633	0.171306403	0.0356890131	0	0	29.609	0	0	3
59	11	0	1.475	293.560789	293.440482	293.321931	293.560789	0.178165776	0.0364722947	0	0	29.5977	0	0	3
60	11	0	1.5	293.574359	293.452503	293.330652	293.574359	0.184947989	0.0372622036	0	0	29.5842	0	0	3
61	12	0	1.525	293.586151	293.464669	293.343184	293.586151	0.191366639	0.0380444357	0	0	29.5725	0	0	3
62	12	0	1.55	293.597438	293.476777	293.356564	293.597438	0.197182038	0.0388154482	0	0	29.5611	0	0	3
63	12	0	1.575	293.609198	293.488807	293.369184	293.609198	0.20241005	0.0395803625	0	0	29.5494	0	0	3
64	12	0	1.6	293.621079	293.500802	293.378594	293.621079	0.210014659	0.0403410403	0	0	29.5375	0	0	3
65	12	0	1.625	293.634501	293.512988	293.390785	293.634501	0.214806259	0.0411070817	0	0	29.5241	0	0	3
66	12	0	1.65	293.645053	293.525096	293.405811	293.645053	0.218917896	0.0418561128	0	0	29.5135	0	0	3
67	13	0	1.675	293.659162	293.53716	293.415891	293.659162	0.222662342	0.0426076561	0	0	29.4994	0	0	3
68	13	0	1.7	293.669672	293.549245	293.428958	293.669672	0.225979834	0.0433408118	0	0	29.4888	0	0	3
69	13	0	1.725	293.682983	293.561341	293.442752	293.682983	0.228838817	0.0440718665	0	0	29.4756	0	0	3
70	13	0	1.75	293.694846	293.573346	293.451883	293.694846	0.231358713	0.0447927355	0	0	29.4638	0	0	3
71	13	0	1.775	293.704519	293.585376	293.464064	293.704519	0.233522135	0.0454835427	0	0	29.4538	0	0	3
72	13	0	1.8	293.716418	293.597393	293.47808	293.716418	0.235303468	0.0461580177	0	0	29.4421	0	0	3
73	14	0	1.825	293.730175	293.609397	293.488441	293.730175	0.236872984	0.0468279478	0	0	29.4284	0	0	3
74	14	0	1.85	293.738816	293.62132	293.501002	293.738816	0.237814112	0.047470227	0	0	29.4195	0	0	3
75	14	0	1.875	293.752765	293.633309	293.511503	293.752765	0.23905151	0.0481113427	0	0	29.4056	0	0	3
76	14	0	1.9	293.765843	293.64542	293.525036	293.765843	0.23981377	0.0487338245	0	0	29.3926	0	0	3
77	14	0	1.925	293.777868	293.65746	293.535389	293.777868	0.2404399	0.0493370895	0	0	29.3805	0	0	3
78	14	0	1.95	293.790604	293.669613	293.549633	293.790604	0.240904327	0.0499218787	0	0	29.3679	0	0	3
79	15	0	1.975	293.802567	293.681657	293.560789	293.802567	0.241175211	0.0504904312	0	0	29.356	0	0	3
80	15	0	2	293.813552	293.693694	293.574359	293.813552	0.23919306	0.0510390439	0	0	29.3449	0	0	3
81	15	0	2.025	293.824709	293.705615	293.586151	293.824709	0.238557488	0.0515558662	0	0	29.3337	0	0	3
82	15	0	2.05	293.837069	293.717564	293.597438	293.837069	0.239631348	0.0520444328	0	0	29.3212	0	0	3
83	15	0	2.075	293.849561	293.72957	293.609198	293.849561	0.240363308	0.05250983	0	0	29.3088	0	0	3
84	15	0	2.1	293.860421	293.741533	293.621079	293.860421	0.239342702	0.0529590177	0	0	29.2979	0	0	3
85	16	0	2.125	293.875248	293.753636	293.634501	293.875248	0.240648123	0.0533970282	0	0	29.2832	0	0	3
86	16	0	2.15	293.885486	293.765588	293.645053	293.885486	0.240433408	0.0538003809	0	0	29.2727	0	0	3
87	16	0	2.175	293.897105	293.77759	293.659162	293.897105	0.237942753	0.0541914807	0	0	29.2611	0	0	3
88	16	0	2.2	293.911005	293.789583	293.669672	293.911005	0.240337605	0.0545688885	0	0	29.2474	0	0	3
89	16	0	2.225	293.921303	293.801565	293.682983	293.921303	0.238320016	0.0549201885	0	0	29.2371	0	0	3
90	17	0	2.25	293.932715	293.813457	293.694846	293.932715	0.237869207	0.0552642821	0	0	29.2256	0	0	3
91	17	0	2.275	293.946289	293.82543	293.704519	293.946289	0.240054305	0.0555989775	0	0	29.2121	0	0	3
92	17	0	2.3	293.956733	293.837441	293.716418	293.956733	0.240047637	0.0559104963	0	0	29.2015	0	0	3
93	17	0	2.325	293.969614	293.849498	293.730175	293.969614	0.239439152	0.0562173899	0	0	29.1886	0	0	3
94	17	0	2.35	293.982465	293.861511	293.738816	293.982465	0.240191248	0.0565137222	0	0	29.1759	0	0	3
95	18	0	2.375	293.994517	293.873688	293.752765	293.994517	0.240378754	0.05680351	0	0	29.1638	0	0	3
96	18	0	2.4	294.006328	293.885762	293.765843	294.006328	0.240341727	0.0570783359	0	0	29.1519	0	0	3
97	18	0	2.425	294.019073	293.897821	293.777868	294.019073	0.240360649	0.0573498143	0	0	29.1392	0	0	3
98	18	0	2.45	294.029701	293.909813	293.790604	294.029701	0.239096557	0.057602579	0	0	29.1286	0	0	3
99	18	0	2.475	294.043316	293.921846	293.802567	294.043316	0.240189001	0.0578530281	0	0	29.1152	0	0	3
100	19	0	2.5	294.056472	293.933937	293.813552	294.056472	0.240243384	0.0580940934	0	0	29.1021	0	0	3
101	19	0	2.525	294.06614	293.945965	293.824709	294.06614	0.240349944	0.0583220304	0	0	29.0922	0	0	3
102	19	0	2.55	294.080526	293.958147	293.837069	294.080526	0.240583278	0.0585501158	0	0	29.078	0	0	3
103	19	0	2.575	294.092572	293.970314	293.849561	294.092572	0.240744199	0.0587716394	0	0	29.0658	0	0	3
104	19	0	2.6	294.104908	293.982473	293.860421	294.104908	0.240940543	0.0589873073	0	0	29.0534	0	0	3
105	20	0	2.625	294.11796	293.994737	293.875248	294.11796	0.24110099	0.0591954843	0	0	29.0404	0	0	3
106	20	0	2.65	294.130133	294.006874	293.885486	294.130133	0.241286725	0.0594010388	0	0	29.0281	0	0	3
107	20	0	2.675	294.143406	294.019156	293.897105	294.143406	0.241566156	0.059598585	0	0	29.015	0	0	3
108	20	0	2.7	294.155093	294.031441	293.911005	294.155093	0.241858819	0.0597929166	0	0	29.0032	0	0	3
109	20	0	2.725	294.167315	294.043647	293.921303	294.167315	0.242081656	0.0599792478	0	0	28.9912	0	0	3
110	21	0	2.75	294.177912	294.055866	293.932715	294.177912	0.242409126	0.060157543	0	0	28.9805	0	0	3
111	21	0	2.775	294.189195	294.068079	293.946289	294.189195	0.242648951	0.0603342163	0	0	28.9693	0	0	3
112	21	0	2.8	294.20027	294.080174	293.956733	294.20027	0.242733099	0.0605042662	0	0	28.9581	0	0	3
113	21	0	2.825	294.211719	294.092316	293.969614	294.211719	0.24210486	0.0606649147	0	0	28.9466	0	0	3
114	21	0	2.85	294.224694	294.104463	293.982465	294.224694	0.242229891	0.0608300064	0	0	28.9336	0	0	3
115	22	0	2.875	294.236573	294.116563	293.994517	294.236573	0.242055942	0.060986555	0	0	28.9218	0	0	3
116	22	0	2.9	294.247439	294.128607	294.006328	294.247439	0.241111402	0.0611346183	0	0	28.9109	0	0	3
117	22	0	2.925	294.262088	294.140786	294.019073	294.262088	0.242965399	0.0612839462	0	0	28.8965	0	0	3
118	22	0	2.95	294.272161	294.152838	294.029701	294.272161	0.242459642	0.0614243242	0	0	28.8861	0	0	3
119	22	0	2.975	294.283347	294.164916	294.043316	294.283347	0.240031034	0.0615596752	0	0	28.8748	0	0	3
120	22	0	3	294.297052	294.176999	294.056472	294.297052	0.240580257	0.0616967421	0	0	28.8613	0	0	3
121	23	0	3.025	294.307753	294.188965	294.06614	294.307753	0.241613369	0.0618295803	0	0	28.8507	0	0	3
122	23	0	3.05	294.319915	294.201049	294.080526	294.319915	0.239388875	0.0619588165	0	0	28.8386	0	0	3
123	23	0	3.075	294.33098	294.212975	294.092572	294.33098	0.238408444	0.0620823594	0	0	28.8273	0	0	3
124	23	0	3.1	294.345073	294.224999	294.104908	294.345073	0.240164858	0.0622087326	0	0	28.8133	0	0	3
125	24	0	3.125	294.356866	294.236997	294.11796	294.356866	0.23890626	0.0623267798	0	0	28.8014	0	0	3
126	24	0	3.15	294.366989	294.248856	294.130133	294.366989	0.23685535	0.0624418797	0	0	28.7912	0	0	3
127	24	0	3.175	294.379367	294.260724	294.143406	294.379367	0.235961424	0.0625556447	0	0	28.7789	0	0	3
128	24	0	3.2	294.390033	294.272468	294.155093	294.390033	0.234939866	0.0626613111	0	0	28.7681	0	0	3
129	24	0	3.225	294.404046	294.284323	294.167315	294.404046	0.236731108	0.062770863	0	0	28.7543	0	0	3
130	24	0	3.25	294.417101	294.296218	294.177912	294.417101	0.239188885	0.0628807186	0	0	28.7414	0	0	3
131	25	0	3.275	294.425465	294.308006	294.189195	294.425465	0.236270904	0.0629795729	0	0	28.7325	0	0	3
132	25	0	3.3	294.437545	294.319832	294.20027	294.437545	0.237274445	0.0630789444	0	0	28.7205	0	0	3
133	25	0	3.325	294.452639	294.33185	294.211719	294.452639	0.239533877	0.0631797489	0	0	28.7057	0	0	3
134	25	0	3.35	294.462009	294.343768	294.224694	294.462009	0.237314639	0.0632728545	0	0	28.6961	0	0	3
135	25	0	3.375	294.472511	294.355569	294.236573	294.472511	0.235938474	0.0633615525	0	0	28.6855	0	0	3
136	25	0	3.4	294.487405	294.367514	294.247439	294.487405	0.238906654	0.0634532196	0	0	28.6709	0	0	3
137	26	0	3.425	294.497774	294.379434	294.262088	294.497774	0.235686439	0.0635393217	0	0	28.6603	0	0	3
138	26	0	3.45	294.509386	294.39121	294.272161	294.509386	0.237225812	0.0636251737	0	0	28.6486	0	0	3
139	26	0	3.475	294.524396	294.403222	294.283347	294.524396	0.238305466	0.0637114032	0	0	28.634	0	0	3
140	26	0	3.5	294.534085	294.415162	294.297052	294.534085	0.237033383	0.0637907097	0	0	28.6239	0	0	3
141	26	0	3.525	294.544349	294.426938	294.307753	294.544349	0.236595408	0.0638693295	0	0	28.6137	0	0	3
142	27	0	3.55	294.560135	294.438956	294.319915	294.560135	0.237906591	0.0639484661	0	0	28.5984	0	0	3
143	27	0	3.575	294.568925	294.450813	294.33098	294.568925	0.237837827	0.0640213255	0	0	28.5892	0	0	3
144	27	0	3.6	294.578504	294.4626	294.345073	294.578504	0.233430815	0.0640888065	0	0	28.5795	0	0	3
145	27	0	3.625	294.593044	294.474408	294.356866	294.593044	0.236178093	0.0641571289	0	0	28.5653	0	0	3
146	27	0	3.65	294.603144	294.486136	294.366989	294.603144	0.236154852	0.064221227	0	0	28.555	0	0	3
147	28	0	3.675	294.614207	294.497908	294.379367	294.614207	0.234839251	0.0642810296	0	0	28.544	0	0	3
148	28	0	3.7	294.626711	294.509686	294.390033	294.626711	0.236677868	0.0643408595	0	0	28.5315	0	0	3
149	28	0	3.725	294.637283	294.52146	294.404046	294.637283	0.233236794	0.0643973212	0	0	28.5209	0	0	3
150	28	0	3.75	294.647781	294.533067	294.417101	294.647781	0.230679769	0.064452621	0	0	28.5103	0	0	3
151	28	0	3.775	294.659171	294.544594	294.425465	294.659171	0.233705072	0.0645070694	0	0	28.4989	0	0	3
152	28	0	3.8	294.672403	294.556353	294.437545	294.672403	0.234858818	0.0645634348	0	0	28.4859	0	0	3
153	29	0	3.825	294.682225	294.568004	294.452639	294.682225	0.229585767	0.0646166424	0	0	28.476	0	0	3
154	29	0	3.85	294.69343	294.57947	294.462009	294.69343	0.231420801	0.0646665869	0	0	28.4649	0	0	3
155	29	0	3.875	294.706225	294.5911	294.472511	294.706225	0.233714016	0.0647168589	0	0	28.4521	0	0	3
156	29	0	3.9	294.716161	294.602702	294.487405	294.716161	0.228756179	0.0647650611	0	0	28.4418	0	0	3
157	29	0	3.925	294.729373	294.614224	294.497774	294.729373	0.231598531	0.0648105969	0	0	28.4287	0	0	3
158	29	0	3.95	294.741702	294.62584	294.509386	294.741702	0.232315806	0.0648582295	0	0	28.4165	0	0	3
159	30	0	3.975	294.752466	294.637415	294.524396	294.752466	0.228069982	0.0649045278	0	0	28.4055	0	0	3
160	30	0	4	294.765822	294.648912	294.534085	294.765822	0.231736956	0.0649496197	0	0	28.3924	0	0	3
