Iteration	CPUTime	PhysTime	Travels	Value	AvValue	MinValue	MaxValue	Delta	Criteria	Progress	dGMaxMin	CriteriaType	CriteriaVarType	CriteriaPercentage
1	1	0	0.025	101324.994	101324.994	101324.994	101324.994	0	0	0	0	5.73886	0	0	3
2	1	0	0.05	101324.994	101324.994	101324.994	101324.994	1.16415322e-10	0	0	0	5.73886	0	0	3
3	2	0	0.075	101324.994	101324.994	101324.994	101324.994	2.18278728e-10	0	0	0	5.73887	0	0	3
4	2	0	0.1	101324.994	101324.994	101324.994	101324.994	2.76486389e-10	0	0	0	5.73886	0	0	3
5	2	0	0.125	101324.994	101324.994	101324.994	101324.994	2.76486389e-10	0	0	0	5.73887	0	0	3
6	2	0	0.15	101324.994	101324.994	101324.994	101324.994	2.76486389e-10	0	0	0	5.73887	0	0	3
7	2	0	0.175	101325.007	101324.996	101324.994	101325.007	0.00176065494	0	0	0	5.73886	0	0	3
8	3	0	0.2	101325.083	101325.007	101324.994	101325.083	0.0126357428	0	0	0	5.73887	0	0	3
9	3	0	0.225	101325.586	101325.071	101324.994	101325.586	0.0769923956	0	0	0	5.73887	0	0	3
10	3	0	0.25	101325.868	101325.151	101324.994	101325.868	0.156691756	0	0	0	5.73889	0	0	3
11	3	0	0.275	101326.322	101325.258	101324.994	101326.322	0.263089312	0	0	0	5.73891	0	0	3
12	4	0	0.3	101326.679	101325.376	101324.994	101326.679	0.381526276	0	0	0	5.73893	0	0	3
13	4	0	0.325	101326.994	101325.5	101324.994	101326.994	0.505955795	0	0	0	5.73894	0	0	3
14	4	0	0.35	101327.28	101325.628	101324.994	101327.28	0.633088269	0	0	0	5.73895	0	0	3
15	4	0	0.375	101327.547	101325.755	101324.994	101327.547	0.76101971	0	0	0	5.73896	0	0	3
16	4	0	0.4	101327.995	101325.895	101324.994	101327.995	0.901017964	0	0	0	5.73897	0	0	3
17	4	0	0.425	101328.439	101326.045	101324.994	101328.439	1.05060931	0	0	0	5.73898	0	0	3
18	5	0	0.45	101328.879	101326.203	101324.994	101328.879	1.20805368	0	0	0	5.73899	0	0	3
19	5	0	0.475	101329.313	101326.366	101324.994	101329.313	1.37178691	0	0	0	5.73899	0	0	3
20	5	0	0.5	101329.75	101326.535	101324.994	101329.75	1.54098722	0	0	0	5.73899	0	0	3
21	5	0	0.525	101330.44	101326.808	101324.994	101330.44	1.81328429	0	0	0	5.73899	0	0	3
22	5	0	0.55	101331.154	101327.116	101324.994	101331.154	2.12124608	0	0	0	5.73899	0	0	3
23	5	0	0.575	101331.899	101327.461	101324.994	101331.899	2.46645282	0	0	0	5.73898	0	0	3
24	5	0	0.6	101332.656	101327.844	101324.994	101332.656	2.84952111	0	0	0	5.73897	0	0	3
25	6	0	0.625	101333.413	101328.265	101324.994	101333.413	3.27045418	0	0	0	5.73895	0	0	3
26	6	0	0.65	101334.592	101328.745	101325.007	101334.592	3.74857939	0	0	0	5.73895	0	0	3
27	6	0	0.675	101335.811	101329.285	101325.083	101335.811	4.27790561	0	0	0	5.73895	0	0	3
28	6	0	0.7	101337.068	101329.884	101325.586	101337.068	4.8127681	0	0	0	5.73896	0	0	3
29	6	0	0.725	101338.384	101330.524	101325.868	101338.384	5.37296868	0	0	0	5.73896	0	0	3
30	6	0	0.75	101339.7	101331.216	101326.322	101339.7	5.958128	0	0	0	5.73897	0	0	3
31	7	0	0.775	101341.806	101331.99	101326.679	101341.806	6.61393892	0	0	0	5.73898	0	0	3
32	7	0	0.8	101343.859	101332.849	101326.994	101343.859	7.34851727	0	0	0	5.73898	0	0	3
33	7	0	0.825	101345.95	101333.797	101327.28	101345.95	8.16920699	0	0	0	5.73898	0	0	3
34	7	0	0.85	101348	101334.833	101327.547	101348	9.07725642	0	0	0	5.73898	0	0	3
35	7	0	0.875	101350.082	101335.96	101327.995	101350.082	10.0640365	0	0	0	5.73899	0	0	3
36	7	0	0.9	101353.125	101337.216	101328.439	101353.125	11.1709182	0	0	0	5.73899	0	0	3
37	7	0	0.925	101356.258	101338.607	101328.879	101356.258	12.4044551	0	0	0	5.73899	0	0	3
38	8	0	0.95	101359.239	101340.125	101329.313	101359.239	13.7587013	0	0	0	5.73899	0	0	3
39	8	0	0.975	101362.335	101341.776	101329.75	101362.335	15.2405781	0	0	0	5.73899	0	0	3
40	8	0	1	101365.382	101343.558	101330.44	101365.382	16.7498521	6.0580822	0	0	5.73899	0	0	3
41	8	0	1.025	101369.891	101345.53	101331.154	101369.891	18.4144435	6.7345507	0	0	5.73899	0	0	3
42	8	0	1.05	101374.398	101347.692	101331.899	101374.398	20.2314386	7.07252078	0	0	5.73899	0	0	3
43	8	0	1.075	101378.53	101350.024	101332.656	101378.53	22.1799271	7.39177742	0	0	5.73898	0	0	3
44	9	0	1.1	101382.722	101351.581	101332.656	101382.722	23.7369672	7.70860642	0	0	5.73898	0	0	3
45	9	0	1.125	101387.087	101354.173	101333.413	101387.087	25.9079971	8.02966278	0	0	5.73898	0	0	3
46	9	0	1.15	101391.131	101356.921	101334.592	101391.131	28.1765864	8.34480166	0	0	5.73897	0	0	3
47	9	0	1.175	101395.412	101359.818	101335.811	101395.412	30.5325807	8.66137644	0	0	5.73897	0	0	3
48	9	0	1.2	101399.865	101362.868	101337.068	101399.865	32.9835451	8.98085645	0	0	5.73897	0	0	3
49	9	0	1.225	101403.86	101366.048	101338.384	101403.86	35.5242237	9.28754098	0	0	5.73899	0	0	3
50	10	0	1.25	101407.821	101369.355	101339.7	101407.821	38.1391714	9.5880737	0	0	5.73898	0	0	3
51	10	0	1.275	101412.104	101372.803	101341.806	101412.104	40.8127655	9.88619526	0	0	5.73896	0	0	3
52	10	0	1.3	101416.292	101376.35	101343.859	101416.292	43.5006788	10.1825086	0	0	5.73898	0	0	3
53	10	0	1.325	101420.098	101379.98	101345.95	101420.098	46.1832745	10.4735174	0	0	5.73898	0	0	3
54	10	0	1.35	101424.235	101383.708	101348	101424.235	48.8751633	10.7642127	0	0	5.73897	0	0	3
55	11	0	1.375	101428.569	101387.545	101350.082	101428.569	51.5849871	11.0568186	0	0	5.73898	0	0	3
56	11	0	1.4	101432.359	101391.462	101353.125	101432.359	54.2464387	11.3441711	0	0	5.73898	0	0	3
57	11	0	1.425	101436.445	101395.43	101356.258	101436.445	56.8230762	11.6298643	0	0	5.73898	0	0	3
58	11	0	1.45	101440.84	101399.458	101359.239	101440.84	59.332824	11.9167721	0	0	5.73897	0	0	3
59	11	0	1.475	101445.197	101403.551	101362.335	101445.197	61.7750174	12.2044464	0	0	5.73898	0	0	3
60	11	0	1.5	101449.528	101407.703	101365.382	101449.528	64.1454991	12.4925579	0	0	5.73897	0	0	3
61	12	0	1.525	101453.764	101411.912	101369.891	101453.764	66.3816353	12.7785581	0	0	5.73898	0	0	3
62	12	0	1.55	101457.826	101416.099	101374.398	101457.826	68.4067763	13.0613871	0	0	5.73897	0	0	3
63	12	0	1.575	101462.007	101420.271	101378.53	101462.007	70.2471119	13.3420369	0	0	5.73897	0	0	3
64	12	0	1.6	101466.1	101424.441	101382.722	101466.1	72.8600998	13.6201467	0	0	5.73898	0	0	3
65	12	0	1.625	101470.137	101428.604	101387.087	101470.137	74.4307604	13.8956832	0	0	5.73898	0	0	3
66	12	0	1.65	101474.487	101432.766	101391.131	101474.487	75.844206	14.1683216	0	0	5.73897	0	0	3
67	13	0	1.675	101478.819	101436.941	101395.412	101478.819	77.1236033	14.4380564	0	0	5.73897	0	0	3
68	13	0	1.7	101482.926	101441.109	101399.865	101482.926	78.240753	14.7037973	0	0	5.73898	0	0	3
69	13	0	1.725	101487.099	101445.263	101403.86	101487.099	79.2141731	14.9659819	0	0	5.73897	0	0	3
70	13	0	1.75	101491.246	101449.424	101407.821	101491.246	80.0688944	15.2248454	0	0	5.73898	0	0	3
71	13	0	1.775	101495.213	101453.585	101412.104	101495.213	80.7825718	15.47601	0	0	5.73898	0	0	3
72	13	0	1.8	101499.348	101457.74	101416.292	101499.348	81.3901014	15.7212383	0	0	5.73898	0	0	3
73	14	0	1.825	101503.19	101461.878	101420.098	101503.19	81.8976955	15.9595647	0	0	5.73899	0	0	3
74	14	0	1.85	101507.201	101466.026	101424.235	101507.201	82.3176101	16.1925245	0	0	5.73897	0	0	3
75	14	0	1.875	101511.405	101470.176	101428.569	101511.405	82.6319602	16.421266	0	0	5.73896	0	0	3
76	14	0	1.9	101515.841	101474.332	101432.359	101515.841	82.8698606	16.6431029	0	0	5.73896	0	0	3
77	14	0	1.925	101520.132	101478.512	101436.445	101520.132	83.0819519	16.8576444	0	0	5.73897	0	0	3
78	14	0	1.95	101524.517	101482.706	101440.84	101524.517	83.2481545	17.0664384	0	0	5.73897	0	0	3
79	15	0	1.975	101528.754	101486.892	101445.197	101528.754	83.3412557	17.2689114	0	0	5.739	0	0	3
80	15	0	2	101532.493	101491.049	101449.528	101532.493	82.9652066	17.4638572	0	0	5.73898	0	0	3
81	15	0	2.025	101536.847	101495.207	101453.764	101536.847	83.0826046	17.6487215	0	0	5.73898	0	0	3
82	15	0	2.05	101540.931	101499.358	101457.826	101540.931	83.1054319	17.8232759	0	0	5.73899	0	0	3
83	15	0	2.075	101544.783	101503.499	101462.007	101544.783	82.7756755	17.9887349	0	0	5.73897	0	0	3
84	15	0	2.1	101549.416	101507.661	101466.1	101549.416	83.2201681	18.1481748	0	0	5.73897	0	0	3
85	16	0	2.125	101553.477	101511.822	101470.137	101553.477	83.2183315	18.2995147	0	0	5.73897	0	0	3
86	16	0	2.15	101557.542	101515.984	101474.487	101557.542	83.054167	18.4443419	0	0	5.73897	0	0	3
87	16	0	2.175	101561.773	101520.141	101478.819	101561.773	82.954257	18.582847	0	0	5.73897	0	0	3
88	16	0	2.2	101565.989	101524.292	101482.926	101565.989	83.062239	18.7148414	0	0	5.73896	0	0	3
89	16	0	2.225	101569.854	101528.431	101487.099	101569.854	82.7553375	18.8410514	0	0	5.73898	0	0	3
90	17	0	2.25	101573.896	101532.564	101491.246	101573.896	82.6504499	18.9624555	0	0	5.73897	0	0	3
91	17	0	2.275	101578.221	101536.706	101495.213	101578.221	83.0085977	19.0792225	0	0	5.73896	0	0	3
92	17	0	2.3	101582.302	101540.853	101499.348	101582.302	82.9541862	19.1911896	0	0	5.73896	0	0	3
93	17	0	2.325	101586.603	101545.008	101503.19	101586.603	83.1302272	19.3003318	0	0	5.73896	0	0	3
94	17	0	2.35	101590.798	101549.18	101507.201	101590.798	83.1542265	19.4055912	0	0	5.73896	0	0	3
95	18	0	2.375	101595.122	101553.366	101511.405	101595.122	83.1899879	19.5069994	0	0	5.73897	0	0	3
96	18	0	2.4	101599.317	101557.553	101515.841	101599.317	83.2204479	19.6058711	0	0	5.73898	0	0	3
97	18	0	2.425	101603.285	101561.717	101520.132	101603.285	83.1526637	19.7009616	0	0	5.73896	0	0	3
98	18	0	2.45	101607.747	101565.889	101524.517	101607.747	83.1829171	19.7929434	0	0	5.73898	0	0	3
99	18	0	2.475	101611.941	101570.052	101528.754	101611.941	83.1595568	19.8813935	0	0	5.73897	0	0	3
100	19	0	2.5	101615.935	101574.203	101532.493	101615.935	83.1540752	19.9660544	0	0	5.73898	0	0	3
101	19	0	2.525	101620.13	101578.377	101536.847	101620.13	83.1692267	20.0478388	0	0	5.73896	0	0	3
102	19	0	2.55	101624.621	101582.556	101540.931	101624.621	83.1981339	20.128023	0	0	5.73897	0	0	3
103	19	0	2.575	101628.846	101586.743	101544.783	101628.846	83.2437246	20.2057652	0	0	5.73897	0	0	3
104	19	0	2.6	101633.104	101590.948	101549.416	101633.104	83.2871808	20.2814648	0	0	5.73896	0	0	3
105	20	0	2.625	101637.612	101595.148	101553.477	101637.612	83.3261971	20.3559224	0	0	5.73897	0	0	3
106	20	0	2.65	101641.729	101599.351	101557.542	101641.729	83.3665411	20.4275934	0	0	5.73897	0	0	3
107	20	0	2.675	101646.303	101603.577	101561.773	101646.303	83.4368131	20.4976684	0	0	5.73897	0	0	3
108	20	0	2.7	101650.466	101607.801	101565.989	101650.466	83.5093278	20.5658041	0	0	5.73897	0	0	3
109	20	0	2.725	101654.732	101612.027	101569.854	101654.732	83.595815	20.6321703	0	0	5.73898	0	0	3
110	21	0	2.75	101658.583	101616.252	101573.896	101658.583	83.6877871	20.6960048	0	0	5.73899	0	0	3
111	21	0	2.775	101662.272	101620.46	101578.221	101662.272	83.7544457	20.757453	0	0	5.73898	0	0	3
112	21	0	2.8	101666.507	101624.664	101582.302	101666.507	83.8114363	20.8174042	0	0	5.73898	0	0	3
113	21	0	2.825	101670.343	101628.857	101586.603	101670.343	83.7402264	20.8756987	0	0	5.73898	0	0	3
114	21	0	2.85	101674.377	101633.037	101590.798	101674.377	83.5796486	20.9324649	0	0	5.73896	0	0	3
115	22	0	2.875	101678.802	101637.227	101595.122	101678.802	83.6802168	20.9881596	0	0	5.73897	0	0	3
116	22	0	2.9	101682.863	101641.405	101599.317	101682.863	83.545352	21.0416478	0	0	5.73897	0	0	3
117	22	0	2.925	101686.883	101645.575	101603.285	101686.883	83.5980116	21.0932187	0	0	5.73897	0	0	3
118	22	0	2.95	101691.09	101649.756	101607.747	101691.09	83.3438206	21.1431252	0	0	5.73897	0	0	3
119	22	0	2.975	101694.893	101653.906	101611.941	101694.893	82.9518379	21.1909432	0	0	5.73896	0	0	3
120	22	0	3	101699.464	101658.074	101615.935	101699.464	83.5289136	21.2391264	0	0	5.73898	0	0	3
121	23	0	3.025	101703.423	101662.24	101620.13	101703.423	83.2927126	21.2853893	0	0	5.73898	0	0	3
122	23	0	3.05	101707.375	101666.395	101624.621	101707.375	82.7539073	21.3302813	0	0	5.73898	0	0	3
123	23	0	3.075	101711.635	101670.538	101628.846	101711.635	82.7891137	21.3748296	0	0	5.73897	0	0	3
124	23	0	3.1	101716.002	101674.688	101633.104	101716.002	82.8978142	21.4178425	0	0	5.73897	0	0	3
125	24	0	3.125	101720.144	101678.833	101637.612	101720.144	82.5322453	21.459986	0	0	5.73897	0	0	3
126	24	0	3.15	101724.083	101682.951	101641.729	101724.083	82.3545929	21.5009312	0	0	5.73897	0	0	3
127	24	0	3.175	101728.183	101687.068	101646.303	101728.183	81.8799809	21.5407076	0	0	5.73897	0	0	3
128	24	0	3.2	101732.456	101691.17	101650.466	101732.456	81.9907678	21.5796788	0	0	5.73897	0	0	3
129	24	0	3.225	101736.805	101695.282	101654.732	101736.805	82.0722433	21.6185881	0	0	5.73898	0	0	3
130	24	0	3.25	101740.568	101699.369	101658.583	101740.568	81.9849389	21.6561678	0	0	5.73898	0	0	3
131	25	0	3.275	101744.65	101703.467	101662.272	101744.65	82.3780138	21.6925203	0	0	5.73897	0	0	3
132	25	0	3.3	101748.94	101707.595	101666.507	101748.94	82.4325001	21.7284242	0	0	5.73896	0	0	3
133	25	0	3.325	101753.103	101711.718	101670.343	101753.103	82.7606593	21.7633351	0	0	5.73899	0	0	3
134	25	0	3.35	101756.765	101715.833	101674.377	101756.765	82.3877136	21.7966518	0	0	5.73897	0	0	3
135	25	0	3.375	101761.067	101719.962	101678.802	101761.067	82.2641241	21.8292307	0	0	5.73896	0	0	3
136	25	0	3.4	101765.039	101724.068	101682.863	101765.039	82.1764006	21.8607831	0	0	5.73896	0	0	3
137	26	0	3.425	101769.362	101728.187	101686.883	101769.362	82.4788534	21.8922341	0	0	5.73896	0	0	3
138	26	0	3.45	101773.76	101732.324	101691.09	101773.76	82.5676426	21.9229457	0	0	5.73896	0	0	3
139	26	0	3.475	101777.69	101736.448	101694.893	101777.69	82.5416393	21.9526376	0	0	5.73897	0	0	3
140	26	0	3.5	101781.829	101740.588	101699.464	101781.829	82.3652697	21.9819525	0	0	5.73897	0	0	3
141	26	0	3.525	101786.042	101744.71	101703.423	101786.042	82.4703932	22.0107134	0	0	5.73896	0	0	3
142	27	0	3.55	101790.029	101748.835	101707.375	101790.029	82.4399867	22.0381693	0	0	5.73898	0	0	3
143	27	0	3.575	101793.927	101752.956	101711.635	101793.927	82.2916575	22.0646153	0	0	5.73898	0	0	3
144	27	0	3.6	101797.835	101757.061	101716.002	101797.835	81.8327821	22.0900478	0	0	5.73897	0	0	3
145	27	0	3.625	101801.804	101761.147	101720.144	101801.804	81.659736	22.1142264	0	0	5.73898	0	0	3
146	27	0	3.65	101805.58	101765.215	101724.083	101805.58	81.4967753	22.1374667	0	0	5.73899	0	0	3
147	28	0	3.675	101809.554	101769.285	101728.183	101809.554	81.3710545	22.1594311	0	0	5.73897	0	0	3
148	28	0	3.7	101813.636	101773.354	101732.456	101813.636	81.179237	22.1808762	0	0	5.73898	0	0	3
149	28	0	3.725	101817.403	101777.399	101736.805	101817.403	80.5982375	22.2012404	0	0	5.73898	0	0	3
150	28	0	3.75	101821.225	101781.419	101740.568	101821.225	80.65737	22.2211959	0	0	5.73897	0	0	3
151	28	0	3.775	101825.333	101785.456	101744.65	101825.333	80.6837758	22.2413587	0	0	5.73897	0	0	3
152	28	0	3.8	101829.16	101789.48	101748.94	101829.16	80.219685	22.2606129	0	0	5.73897	0	0	3
153	29	0	3.825	101832.927	101793.479	101753.103	101832.927	79.823633	22.2794362	0	0	5.73898	0	0	3
154	29	0	3.85	101836.986	101797.474	101756.765	101836.986	80.2209815	22.2979613	0	0	5.73897	0	0	3
155	29	0	3.875	101840.765	101801.474	101761.067	101840.765	79.6989428	22.3153222	0	0	5.73898	0	0	3
156	29	0	3.9	101844.856	101805.464	101765.039	101844.856	79.8167599	22.3324226	0	0	5.73896	0	0	3
157	29	0	3.925	101849.101	101809.467	101769.362	101849.101	79.7389841	22.3495188	0	0	5.73895	0	0	3
158	29	0	3.95	101853.187	101813.458	101773.76	101853.187	79.4269405	22.3661707	0	0	5.73896	0	0	3
159	30	0	3.975	101857.194	101817.431	101777.69	101857.194	79.5033453	22.3828009	0	0	5.73896	0	0	3
160	30	0	4	101861.485	101821.422	101781.829	101861.485	79.6555157	22.3988035	0	0	5.73897	0	0	3
