Iteration	CPUTime	PhysTime	Travels	Value	AvValue	MinValue	MaxValue	Delta	Criteria	Progress	dGMaxMin	CriteriaType	CriteriaVarType	CriteriaPercentage
1	5	0	0.0239675698	8.91317547e-08	8.91317547e-08	8.91317547e-08	8.91317547e-08	0	0	0	0	0	0	0	3
2	6	0	0.0479351395	8.94922172e-10	4.50133384e-08	8.94922172e-10	8.91317547e-08	4.41184163e-08	0	0	0	0	0	0	3
3	6	0	0.0719027093	-1.29777959e-09	2.95762991e-08	-1.29777959e-09	8.91317547e-08	5.95554556e-08	0	0	0	0	0	0	3
4	6	0	0.0958702791	1.49014964e-08	2.59075984e-08	-1.29777959e-09	8.91317547e-08	6.32241563e-08	0	0	0	0	0	0	3
5	7	0	0.119837849	-3.89290425e-09	1.99474979e-08	-3.89290425e-09	8.91317547e-08	6.91842568e-08	0	0	0	0	0	0	3
6	7	0	0.143805419	3.7041491e-09	1.72402731e-08	-3.89290425e-09	8.91317547e-08	7.18914816e-08	0	0	0	0	0	0	3
7	7	0	0.167772988	-1.35255922e-08	1.28451495e-08	-1.35255922e-08	8.91317547e-08	7.62866052e-08	0	0	0	0	0	0	3
8	7	0	0.191740558	7.43231032e-09	1.21685446e-08	-1.35255922e-08	8.91317547e-08	7.69632101e-08	0	0	0	0	0	0	3
9	8	0	0.215708128	-4.56841253e-09	1.03088827e-08	-1.35255922e-08	8.91317547e-08	7.8822872e-08	0	0	0	0	0	0	3
10	8	0	0.239675698	2.13685697e-08	1.14148514e-08	-1.35255922e-08	8.91317547e-08	7.8822872e-08	0	0	0	0	0	0	3
11	8	0	0.263643267	-1.52697543e-08	8.98897814e-09	-1.52697543e-08	8.91317547e-08	8.01427766e-08	0	0	0	0	0	0	3
12	9	0	0.287610837	1.77047301e-08	9.71529081e-09	-1.52697543e-08	8.91317547e-08	8.01427766e-08	0	0	0	0	0	0	3
13	9	0	0.311578407	-6.5440565e-09	8.46457178e-09	-1.52697543e-08	8.91317547e-08	8.06671829e-08	0	0	0	0	0	0	3
14	9	0	0.335545977	4.08832224e-09	8.15198253e-09	-1.52697543e-08	8.91317547e-08	8.09797722e-08	0	0	0	0	0	0	3
15	9	0	0.359513547	-3.36703235e-09	7.3840482e-09	-1.52697543e-08	8.91317547e-08	8.17477065e-08	0	0	0	0	0	0	3
16	9	0	0.383481116	1.75723257e-09	7.03237223e-09	-1.52697543e-08	8.91317547e-08	8.20993825e-08	0	0	0	0	0	0	3
17	10	0	0.407448686	-2.74718171e-09	6.45710435e-09	-1.52697543e-08	8.91317547e-08	8.26746504e-08	0	0	0	0	0	0	3
18	10	0	0.431416256	-4.08242607e-10	6.07569618e-09	-1.52697543e-08	8.91317547e-08	8.30560585e-08	0	0	0	0	0	0	3
19	10	0	0.455383826	-1.99233009e-09	5.65106322e-09	-1.52697543e-08	8.91317547e-08	8.34806915e-08	0	0	0	0	0	0	3
20	10	0	0.479351395	-1.05838119e-09	5.315591e-09	-1.52697543e-08	8.91317547e-08	8.38161637e-08	0	0	0	0	0	0	3
21	10	0	0.503318965	-1.25033959e-09	5.00292764e-09	-1.52697543e-08	8.91317547e-08	8.41288271e-08	0	0	0	0	0	0	3
22	11	0	0.527286535	-1.12612993e-09	7.04933133e-10	-1.52697543e-08	2.13685697e-08	3.6638324e-08	0	0	0	0	0	0	3
23	11	0	0.551254105	-1.57867618e-09	5.87142735e-10	-1.52697543e-08	2.13685697e-08	2.89891564e-08	0	0	0	0	0	0	3
24	11	0	0.575221674	-1.68686494e-09	5.68614861e-10	-1.52697543e-08	2.13685697e-08	2.53389836e-08	0	0	0	0	0	0	3
25	11	0	0.599189244	-1.61616651e-09	-2.17940515e-10	-1.52697543e-08	2.13685697e-08	2.01654384e-08	0	0	0	0	0	0	3
26	12	0	0.623156814	-1.80298768e-09	-1.18420678e-10	-1.52697543e-08	2.13685697e-08	1.74582136e-08	0	0	0	0	0	0	3
27	12	0	0.647124384	-1.78822851e-09	-3.79962469e-10	-1.52697543e-08	2.13685697e-08	1.3225112e-08	0	0	0	0	0	0	3
28	12	0	0.671091954	-2.07731571e-09	1.65193553e-10	-1.52697543e-08	2.13685697e-08	1.25485071e-08	0	0	0	0	0	0	3
29	12	0	0.695059523	-1.99138593e-09	-2.83553888e-10	-1.52697543e-08	2.13685697e-08	1.17948139e-08	0	0	0	0	0	0	3
30	12	0	0.719027093	-1.91867263e-09	-1.57375797e-10	-1.52697543e-08	2.13685697e-08	1.17948139e-08	0	0	0	0	0	0	3
31	13	0	0.742994663	-1.77701487e-09	-1.25954649e-09	-1.52697543e-08	1.77047301e-08	1.09748373e-08	0	0	0	0	0	0	3
32	13	0	0.766962233	-3.39663753e-09	-6.94159977e-10	-6.5440565e-09	1.77047301e-08	1.09748373e-08	0	0	0	0	0	0	3
33	13	0	0.790929802	-2.40463006e-09	-1.65174856e-09	-6.5440565e-09	4.08832224e-09	1.01163203e-08	0	0	0	0	0	0	3
34	13	0	0.814897372	-6.42054647e-10	-1.37070085e-09	-3.39663753e-09	4.08832224e-09	7.48495977e-09	0	0	0	0	0	0	3
35	13	0	0.838864942	9.4250232e-10	-1.5205018e-09	-3.39663753e-09	1.75723257e-09	5.1538701e-09	0	0	0	0	0	0	3
36	14	0	0.862832512	2.27188472e-09	-1.25198194e-09	-3.39663753e-09	2.27188472e-09	5.66852225e-09	0	0	0	0	0	0	3
37	14	0	0.886800082	3.86292395e-09	-1.15171092e-09	-3.39663753e-09	3.86292395e-09	7.25956148e-09	0	0	0	0	0	0	3
38	14	0	0.910767651	1.51031593e-08	-3.01694684e-10	-3.39663753e-09	1.51031593e-08	7.72744474e-09	0	0	0	0	0	0	3
39	14	0	0.934735221	5.36563566e-09	-2.67481e-11	-3.39663753e-09	1.51031593e-08	7.30281178e-09	0	0	0	0	0	0	3
40	15	0	0.958702791	-1.67302822e-09	-1.15432489e-11	-3.39663753e-09	1.51031593e-08	6.96733956e-09	0	0	0	0	0	0	3
41	15	0	0.982670361	-2.88917349e-10	2.50978864e-11	-3.39663753e-09	1.51031593e-08	6.6546762e-09	0	0	0	0	0	0	3
42	15	0	1.00663793	-2.90570835e-09	-5.37291972e-11	-3.39663753e-09	1.51031593e-08	2.35668169e-09	0.000329260627	0	0	0	0	0	3
